%% OFW TABLE

%NOTA: CHECK VALORE A 60
% Tabella 1: Costanti di Integrazione Numerica (ASTM E1641)
% Colonne: [E/RT, a, b]

OFW_table = [ ...
    8,  5.3699, 0.5398;
    9,  5.8980, 0.5281;
    10, 6.4167, 0.5187;
    11, 6.928,  0.511;
    12, 7.433,  0.505;
    13, 7.933,  0.500;
    14, 8.427,  0.494;
    15, 8.918,  0.491;
    16, 9.406,  0.488;
    17, 9.890,  0.484;
    18, 10.372, 0.482;
    19, 10.851, 0.479;
    20, 11.3277, 0.4770;
    21, 11.803, 0.475;
    22, 12.276, 0.473;
    23, 12.747, 0.471;
    24, 13.217, 0.470;
    25, 13.686, 0.469;
    26, 14.153, 0.467;
    27, 14.619, 0.466;
    28, 15.084, 0.465;
    29, 15.547, 0.463;
    30, 16.0104, 0.4629;
    31, 16.472, 0.462;
    32, 16.933, 0.461;
    33, 17.394, 0.461;
    34, 17.853, 0.459;
    35, 18.312, 0.459;
    36, 18.770, 0.458;
    37, 19.228, 0.458;
    38, 19.684, 0.456;
    39, 20.141, 0.456;
    40, 20.5967, 0.4558;
    41, 21.052, 0.455;
    42, 21.507, 0.455;
    43, 21.961, 0.454;
    44, 22.415, 0.454;
    45, 22.868, 0.453;
    46, 23.321, 0.453;
    47, 23.774, 0.453;
    48, 24.226, 0.452;
    49, 24.678, 0.452;
    50, 25.1295, 0.4515;
    51, 25.5806, 0.4511;
    52, 26.0314, 0.4508;
    53, 26.4820, 0.4506;
    54, 26.9323, 0.4503;
    55, 27.3823, 0.4500;
    56, 27.8319, 0.4498;
    57, 28.2814, 0.4495;
    58, 28.7305, 0.4491;
    59, 29.1794, 0.4489;
    60, 29.6281, 0.4487];